  14  15  16  17  18  19  20  21  22  23  24  25  26  27
  13  64  65  66  67  68  69  70  71  72  73  74  75  28
  12  63 106 107 108 109 110 111 112 113 114 115  76  29
  11  62 105 140 141 142 143 144 145 146 147 116  77  30
  10  61 104 139 166 167 168 169 170 171 148 117  78  31
   9  60 103 138 165 184 185 186 187 172 149 118  79  32
   8  59 102 137 164 183 194 195 188 173 150 119  80  33
   7  58 101 136 163 182 193 196 189 174 151 120  81  34
   6  57 100 135 162 181 192 191 190 175 152 121  82  35
   5  56  99 134 161 180 179 178 177 176 153 122  83  36
   4  55  98 133 160 159 158 157 156 155 154 123  84  37
   3  54  97 132 131 130 129 128 127 126 125 124  85  38
   2  53  96  95  94  93  92  91  90  89  88  87  86  39
   1  52  51  50  49  48  47  46  45  44  43  42  41  40
